Spawn:
  World: Arcade
  X: 0.5
  Y: 128.0
  Z: 0.5
  Yaw: -0.07725803
  Pitch: -2.4000046
